21.1058823529 -157.129411765
19.6941176471 -155.294117647
19.5529411765 -155.011764706
19.4117647059 -155.576470588
19.2705882353 -155.294117647
19.2705882353 -154.870588235
54.0 -126.776470588
54.0 -115.058823529
52.8705882353 -108.988235294
52.5882352941 -119.294117647
50.8941176471 -121.129411765
50.6117647059 -120.988235294
50.1882352941 -125.647058824
50.0470588235 -125.364705882
49.6235294118 -116.188235294
49.4823529412 -115.905882353
49.3411764706 -118.023529412
49.3411764706 -116.329411765
43.8352941176 -121.976470588
43.5529411765 -122.117647059
42.0 -123.105882353
41.7176470588 -120.282352941
40.8705882353 -122.4
39.7411764706 -121.976470588
39.6 -121.694117647
39.4588235294 -122.4
39.3176470588 -122.117647059
39.3176470588 -121.552941176
39.1764705882 -121.835294118
39.1764705882 -120.282352941
39.0352941176 -122.258823529
38.8941176471 -121.976470588
38.8941176471 -121.552941176
38.3294117647 -121.694117647
37.2 -120.282352941
37.0588235294 -120.0
37.0588235294 -118.870588235
33.5294117647 -110.964705882
31.1294117647 -116.047058824
30.9882352941 -115.764705882
30.7058823529 -109.694117647
30.5647058824 -109.411764706
27.3176470588 -110.117647059
23.7882352941 -109.552941176
23.5058823529 -109.694117647
55.5529411765 -124.094117647
55.2705882353 -124.376470588
55.2705882353 -123.952941176
54.9882352941 -124.8
54.9882352941 -123.529411765
54.8470588235 -124.517647059
54.8470588235 -123.247058824
54.5647058824 -124.658823529
54.4235294118 -125.929411765
54.4235294118 -124.941176471
54.4235294118 -113.505882353
54.2823529412 -124.094117647
54.1411764706 -124.8
54.1411764706 -123.811764706
54.1411764706 -113.788235294
54.1411764706 -113.364705882
54.0 -123.529411765
18.0 -93.4588235294
18.0 -93.0352941176
17.5764705882 -95.0117647059
17.5764705882 -91.3411764706
17.5764705882 -90.7764705882
17.4352941176 -94.7294117647
17.4352941176 -90.4941176471
17.2941176471 -90.9176470588
17.1529411765 -90.6352941176
17.0117647059 -91.0588235294
16.8705882353 -89.9294117647
16.5882352941 -89.7882352941
16.4470588235 -95.2941176471
16.4470588235 -90.0705882353
16.1647058824 -90.3529411765
15.8823529412 -89.0823529412
15.6 -90.3529411765
15.3176470588 -84.1411764706
15.1764705882 -92.3294117647
15.1764705882 -88.9411764706
15.1764705882 -83.8588235294
15.0352941176 -90.0705882353
14.8941176471 -91.0588235294
14.8941176471 -88.8
14.7529411765 -90.7764705882
14.7529411765 -89.7882352941
14.6117647059 -89.3647058824
14.4705882353 -90.6352941176
14.0470588235 -89.3647058824
14.0470588235 -88.9411764706
13.7647058824 -89.0823529412
13.7647058824 -88.6588235294
13.7647058824 -87.6705882353
13.6235294118 -88.3764705882
13.4823529412 -89.2235294118
13.4823529412 -88.0941176471
13.4823529412 -87.5294117647
13.4823529412 -87.1058823529
13.3411764706 -88.5176470588
12.7764705882 -87.2470588235
12.7764705882 -86.8235294118
12.6352941176 -86.5411764706
12.4941176471 -86.9647058824
12.4941176471 -86.2588235294
9.95294117647 -73.9764705882
9.95294117647 -73.5529411765
9.81176470588 -73.2705882353
6.14117647059 -73.5529411765
6.0 -72.1411764706
3.88235294118 -72.7058823529
1.90588235294 -74.4
-0.211764705882 -91.0588235294
-3.31764705882 -73.2705882353
-3.31764705882 -72.1411764706
-4.44705882353 -74.1176470588
-4.44705882353 -73.5529411765
-4.58823529412 -73.8352941176
-5.01176470588 -73.9764705882
-5.85882352941 -76.0941176471
-6.0 -75.8117647059
-6.28235294118 -75.1058823529
-6.56470588235 -75.2470588235
-6.70588235294 -74.9647058824
-6.98823529412 -75.1058823529
-7.12941176471 -73.2705882353
-7.27058823529 -74.9647058824
-7.27058823529 -73.6941176471
-7.27058823529 -72.9882352941
-7.41176470588 -73.4117647059
-7.55294117647 -75.1058823529
-7.55294117647 -73.1294117647
-7.69411764706 -74.8235294118
-7.97647058824 -75.1058823529
-7.97647058824 -74.6823529412
-8.25882352941 -74.8235294118
51.3176470588 -107.152941176
48.4941176471 -102.917647059
43.9764705882 -98.1176470588
43.8352941176 -97.8352941176
43.5529411765 -104.894117647
35.7882352941 -98.8235294118
32.4 -84.1411764706
31.9764705882 -83.1529411765
31.6941176471 -83.2941176471
29.8588235294 -98.9647058824
29.7176470588 -83.1529411765
27.0352941176 -81.3176470588
26.8941176471 -101.647058824
26.8941176471 -81.0352941176
26.8941176471 -80.6117647059
26.6117647059 -80.7529411765
26.4705882353 -81.4588235294
26.4705882353 -80.4705882353
20.5411764706 -97.5529411765
19.5529411765 -96.4235294118
18.2823529412 -94.5882352941
18.1411764706 -94.3058823529
-18.0 -45.1764705882
-18.0 -44.6117647059
-18.0 -42.6352941176
-18.0 -42.2117647059
-18.0 -40.0941176471
-18.1411764706 -44.3294117647
-18.2823529412 -44.7529411765
-18.2823529412 -42.4941176471
-18.4235294118 -44.1882352941
-18.4235294118 -43.3411764706
-18.9882352941 -68.7529411765
-19.1294117647 -69.3176470588
-22.0941176471 -69.1764705882
-22.2352941176 -68.8941176471
-22.3764705882 -44.3294117647
-23.6470588235 -46.5882352941
-23.6470588235 -45.4588235294
-23.7882352941 -46.3058823529
-28.0235294118 -61.1294117647
-28.1647058824 -60.8470588235
-33.9529411765 -70.5882352941
-34.9411764706 -60.7058823529
-35.0823529412 -60.4235294118
-35.7882352941 -60.7058823529
-35.9294117647 -60.4235294118
-36.0705882353 -71.1529411765
-36.0705882353 -61.2705882353
-36.6352941176 -60.0
-37.0588235294 -58.5882352941
-37.3411764706 -62.1176470588
-37.9058823529 -61.5529411765
-38.3294117647 -60.4235294118
-39.4588235294 -63.9529411765
-39.6 -63.6705882353
10.6588235294 -72.0
10.3764705882 -71.8588235294
10.3764705882 -64.0941176471
10.2352941176 -65.0823529412
9.95294117647 -63.9529411765
9.95294117647 -63.5294117647
9.81176470588 -65.5058823529
9.67058823529 -69.1764705882
9.67058823529 -68.7529411765
9.67058823529 -63.8117647059
9.67058823529 -63.3882352941
9.52941176471 -69.4588235294
9.38823529412 -69.0352941176
9.38823529412 -62.6823529412
9.24705882353 -69.3176470588
9.10588235294 -68.8941176471
9.10588235294 -64.2352941176
9.10588235294 -62.9647058824
8.96470588235 -62.6823529412
8.82352941176 -64.0941176471
8.82352941176 -62.4
8.68235294118 -68.7529411765
8.68235294118 -64.6588235294
8.68235294118 -63.5294117647
8.54117647059 -66.3529411765
8.54117647059 -64.3764705882
8.54117647059 -62.9647058824
8.54117647059 -62.2588235294
8.4 -66.0705882353
8.4 -63.3882352941
8.25882352941 -63.6705882353
8.11764705882 -66.4941176471
8.11764705882 -63.2470588235
7.97647058824 -66.2117647059
7.97647058824 -63.5294117647
7.55294117647 -62.8235294118
7.27058823529 -68.4705882353
7.12941176471 -69.3176470588
7.12941176471 -68.1882352941
6.98823529412 -69.8823529412
6.98823529412 -69.0352941176
6.98823529412 -68.6117647059
6.98823529412 -67.9058823529
6.84705882353 -69.6
6.84705882353 -68.3294117647
6.84705882353 -67.2
6.70588235294 -70.3058823529
6.70588235294 -69.3176470588
6.70588235294 -68.8941176471
6.56470588235 -70.0235294118
6.42352941176 -69.7411764706
6.42352941176 -69.1764705882
6.42352941176 -68.7529411765
6.42352941176 -67.9058823529
6.28235294118 -70.3058823529
6.28235294118 -68.1882352941
6.14117647059 -71.0117647059
6.14117647059 -70.0235294118
6.14117647059 -69.6
6.14117647059 -69.0352941176
6.14117647059 -68.6117647059
6.0 -70.5882352941
5.85882352941 -70.8705882353
5.85882352941 -70.3058823529
5.85882352941 -69.8823529412
5.85882352941 -68.8941176471
5.85882352941 -58.1647058824
5.85882352941 -57.7411764706
5.71764705882 -69.6
5.57647058824 -70.7294117647
5.57647058824 -58.0235294118
5.29411764706 -69.8823529412
5.29411764706 -68.4705882353
5.15294117647 -70.1647058824
5.15294117647 -68.1882352941
5.15294117647 -52.5176470588
4.87058823529 -68.3294117647
4.44705882353 -70.4470588235
4.30588235294 -70.1647058824
4.16470588235 -59.1529411765
4.02352941176 -68.0470588235
3.88235294118 -51.6705882353
3.74117647059 -59.4352941176
3.74117647059 -51.3882352941
3.31764705882 -51.3882352941
2.47058823529 -51.2470588235
2.47058823529 -50.8235294118
2.32941176471 -67.3411764706
2.18823529412 -67.0588235294
2.18823529412 -51.1058823529
2.18823529412 -50.6823529412
2.04705882353 -50.4
1.76470588235 -69.3176470588
1.76470588235 -61.2705882353
1.76470588235 -60.8470588235
1.76470588235 -50.6823529412
1.62352941176 -50.9647058824
1.48235294118 -61.1294117647
1.48235294118 -50.5411764706
1.34117647059 -50.8235294118
1.34117647059 -49.9764705882
1.05882352941 -67.3411764706
0.917647058824 -52.2352941176
0.917647058824 -50.8235294118
0.776470588235 -68.0470588235
0.776470588235 -51.8117647059
0.776470588235 -50.5411764706
0.635294117647 -67.7647058824
0.635294117647 -51.5294117647
0.635294117647 -51.1058823529
0.635294117647 -50.2588235294
0.494117647059 -50.8235294118
0.211764705882 -50.2588235294
-0.0705882352941 -50.1176470588
-0.211764705882 -61.9764705882
-0.211764705882 -49.8352941176
-0.211764705882 -48.8470588235
-0.917647058824 -46.8705882353
-1.05882352941 -49.2705882353
-1.05882352941 -48.8470588235
-1.2 -54.2117647059
-1.34117647059 -49.1294117647
-1.48235294118 -54.3529411765
-1.48235294118 -49.8352941176
-1.48235294118 -48.7058823529
-1.48235294118 -47.7176470588
-1.62352941176 -49.5529411765
-1.62352941176 -47.2941176471
-1.62352941176 -45.1764705882
-1.76470588235 -49.9764705882
-1.76470588235 -48.8470588235
-1.76470588235 -44.8941176471
-1.90588235294 -49.6941176471
-1.90588235294 -48.5647058824
-1.90588235294 -48.1411764706
-2.04705882353 -49.4117647059
-2.04705882353 -45.7411764706
-2.04705882353 -45.1764705882
-2.18823529412 -49.9764705882
-2.18823529412 -48.8470588235
-2.18823529412 -48.4235294118
-2.32941176471 -66.7764705882
-2.32941176471 -66.0705882353
-2.32941176471 -49.6941176471
-2.32941176471 -48.1411764706
-2.32941176471 -46.1647058824
-2.47058823529 -66.4941176471
-2.47058823529 -65.7882352941
-2.47058823529 -65.2235294118
-2.47058823529 -54.7764705882
-2.47058823529 -47.8588235294
-2.47058823529 -45.8823529412
-2.47058823529 -42.7764705882
-2.61176470588 -49.9764705882
-2.61176470588 -48.2823529412
-2.61176470588 -47.5764705882
-2.75294117647 -69.8823529412
-2.75294117647 -68.0470588235
-2.75294117647 -65.3647058824
-2.75294117647 -49.6941176471
-2.75294117647 -49.1294117647
-2.75294117647 -46.0235294118
-2.75294117647 -42.9176470588
-2.75294117647 -42.4941176471
-2.89411764706 -68.8941176471
-2.89411764706 -65.0823529412
-3.03529411765 -68.3294117647
-3.03529411765 -67.9058823529
-3.03529411765 -65.7882352941
-3.03529411765 -64.8
-3.03529411765 -60.9882352941
-3.03529411765 -49.9764705882
-3.03529411765 -49.5529411765
-3.03529411765 -45.0352941176
-3.17647058824 -65.3647058824
-3.17647058824 -60.7058823529
-3.17647058824 -50.9647058824
-3.17647058824 -42.6352941176
-3.17647058824 -42.2117647059
-3.17647058824 -39.9529411765
-3.31764705882 -68.1882352941
-3.31764705882 -65.0823529412
-3.31764705882 -64.6588235294
-3.31764705882 -54.7764705882
-3.31764705882 -45.3176470588
-3.31764705882 -44.8941176471
-3.31764705882 -41.9294117647
-3.45882352941 -51.1058823529
-3.45882352941 -44.4705882353
-3.45882352941 -42.7764705882
-3.45882352941 -42.3529411765
-3.6 -60.5647058824
-3.6 -54.9176470588
-3.6 -45.0352941176
-3.6 -44.1882352941
-3.6 -42.0705882353
-3.74117647059 -71.4352941176
-3.74117647059 -54.6352941176
-3.74117647059 -44.7529411765
-3.74117647059 -43.9058823529
-3.74117647059 -42.6352941176
-3.74117647059 -41.7882352941
-3.74117647059 -40.3764705882
-3.88235294118 -69.6
-3.88235294118 -45.3176470588
-3.88235294118 -44.4705882353
-3.88235294118 -42.3529411765
-4.02352941176 -70.7294117647
-4.02352941176 -46.0235294118
-4.02352941176 -44.1882352941
-4.02352941176 -41.9294117647
-4.16470588235 -44.8941176471
-4.16470588235 -43.9058823529
-4.16470588235 -42.6352941176
-4.30588235294 -70.1647058824
-4.30588235294 -44.6117647059
-4.44705882353 -44.3294117647
-4.44705882353 -43.0588235294
-4.58823529412 -49.5529411765
-4.58823529412 -44.7529411765
-4.58823529412 -39.5294117647
-4.87058823529 -43.7647058824
-5.01176470588 -50.1176470588
-5.01176470588 -44.0470588235
-5.01176470588 -43.4823529412
-5.01176470588 -40.8
-5.15294117647 -49.4117647059
-5.15294117647 -44.3294117647
-5.29411764706 -50.2588235294
-5.29411764706 -49.1294117647
-5.29411764706 -44.6117647059
-5.29411764706 -43.9058823529
-5.29411764706 -43.3411764706
-5.29411764706 -39.2470588235
-5.43529411765 -44.1882352941
-5.57647058824 -44.7529411765
-5.71764705882 -50.1176470588
-5.71764705882 -43.6235294118
-5.85882352941 -50.5411764706
-6.28235294118 -50.2588235294
-6.28235294118 -43.9058823529
-6.42352941176 -43.6235294118
-6.56470588235 -62.5411764706
-6.56470588235 -50.1176470588
-6.56470588235 -47.2941176471
-6.70588235294 -47.8588235294
-6.70588235294 -47.0117647059
-6.84705882353 -62.9647058824
-6.84705882353 -46.0235294118
-6.98823529412 -62.6823529412
-6.98823529412 -48.0
-6.98823529412 -47.1529411765
-6.98823529412 -43.9058823529
-6.98823529412 -42.7764705882
-7.12941176471 -47.7176470588
-7.27058823529 -50.6823529412
-7.27058823529 -48.2823529412
-7.27058823529 -44.0470588235
-7.27058823529 -42.9176470588
-7.41176470588 -48.0
-7.55294117647 -67.2
-7.55294117647 -66.3529411765
-7.55294117647 -48.8470588235
-7.69411764706 -41.0823529412
-7.83529411765 -61.6941176471
-7.83529411765 -48.2823529412
-7.97647058824 -63.6705882353
-7.97647058824 -61.4117647059
-7.97647058824 -47.1529411765
-8.11764705882 -46.8705882353
-8.25882352941 -64.0941176471
-8.4 -70.3058823529
-8.4 -66.9176470588
-8.4 -63.8117647059
-8.4 -50.5411764706
-8.4 -49.6941176471
-8.54117647059 -67.3411764706
-8.54117647059 -66.6352941176
-8.54117647059 -63.5294117647
-8.54117647059 -41.2235294118
-8.54117647059 -40.2352941176
-8.68235294118 -70.1647058824
-8.68235294118 -67.0588235294
-8.68235294118 -63.9529411765
-8.68235294118 -39.9529411765
-8.82352941176 -66.7764705882
-8.82352941176 -63.6705882353
-8.82352941176 -54.9176470588
-8.82352941176 -49.9764705882
-8.82352941176 -41.0823529412
-8.96470588235 -67.3411764706
-8.96470588235 -65.7882352941
-8.96470588235 -64.0941176471
-8.96470588235 -62.6823529412
-8.96470588235 -54.6352941176
-8.96470588235 -47.5764705882
-9.10588235294 -65.5058823529
-9.10588235294 -63.8117647059
-9.10588235294 -62.4
-9.10588235294 -60.8470588235
-9.10588235294 -48.0
-9.10588235294 -47.2941176471
-9.24705882353 -64.2352941176
-9.24705882353 -62.9647058824
-9.24705882353 -60.5647058824
-9.38823529412 -65.9294117647
-9.38823529412 -65.2235294118
-9.38823529412 -64.8
-9.38823529412 -63.9529411765
-9.38823529412 -62.6823529412
-9.38823529412 -50.9647058824
-9.38823529412 -40.3764705882
-9.52941176471 -66.7764705882
-9.52941176471 -65.6470588235
-9.52941176471 -64.5176470588
-9.52941176471 -63.6705882353
-9.52941176471 -63.1058823529
-9.52941176471 -50.6823529412
-9.52941176471 -49.1294117647
-9.67058823529 -68.6117647059
-9.67058823529 -66.0705882353
-9.67058823529 -65.3647058824
-9.67058823529 -64.9411764706
-9.67058823529 -64.2352941176
-9.67058823529 -62.8235294118
-9.67058823529 -49.9764705882
-9.81176470588 -68.3294117647
-9.81176470588 -66.9176470588
-9.81176470588 -65.7882352941
-9.81176470588 -63.9529411765
-9.81176470588 -62.5411764706
-9.81176470588 -51.2470588235
-9.81176470588 -50.2588235294
-9.81176470588 -36.1411764706
-9.95294117647 -65.5058823529
-9.95294117647 -61.1294117647
-9.95294117647 -50.9647058824
-9.95294117647 -49.8352941176
-10.0941176471 -64.0941176471
-10.0941176471 -63.5294117647
-10.0941176471 -60.8470588235
-10.0941176471 -59.0117647059
-10.0941176471 -57.1764705882
-10.0941176471 -56.7529411765
-10.0941176471 -52.0941176471
-10.0941176471 -50.1176470588
-10.0941176471 -36.7058823529
-10.0941176471 -36.2823529412
-10.2352941176 -64.5176470588
-10.2352941176 -56.4705882353
-10.2352941176 -48.4235294118
-10.3764705882 -52.2352941176
-10.3764705882 -48.7058823529
-10.3764705882 -48.1411764706
-10.3764705882 -36.4235294118
-10.5176470588 -51.9529411765
-10.5176470588 -50.1176470588
-10.6588235294 -69.4588235294
-10.6588235294 -58.5882352941
-10.6588235294 -51.3882352941
-10.6588235294 -48.2823529412
-10.8 -69.1764705882
-10.8 -50.2588235294
-10.8 -49.4117647059
-10.9411764706 -69.6
-10.9411764706 -60.9882352941
-10.9411764706 -52.5176470588
-10.9411764706 -50.5411764706
-10.9411764706 -49.8352941176
-11.0823529412 -69.3176470588
-11.0823529412 -54.2117647059
-11.0823529412 -53.7882352941
-11.0823529412 -50.1176470588
-11.0823529412 -49.5529411765
-11.2235294118 -50.4
-11.3647058824 -53.9294117647
-11.3647058824 -49.9764705882
-11.3647058824 -43.3411764706
-11.5058823529 -55.0588235294
-11.5058823529 -50.2588235294
-11.5058823529 -39.3882352941
-11.6470588235 -56.6117647059
-11.6470588235 -54.7764705882
-11.7882352941 -54.4941176471
-11.7882352941 -51.5294117647
-11.9294117647 -64.2352941176
-11.9294117647 -63.2470588235
-11.9294117647 -58.3058823529
-11.9294117647 -57.8823529412
-11.9294117647 -56.4705882353
-11.9294117647 -54.2117647059
-12.0705882353 -60.5647058824
-12.0705882353 -54.7764705882
-12.2117647059 -64.6588235294
-12.2117647059 -63.1058823529
-12.2117647059 -58.1647058824
-12.3529411765 -64.3764705882
-12.3529411765 -60.7058823529
-12.3529411765 -60.2823529412
-12.3529411765 -46.5882352941
-12.4941176471 -65.7882352941
-12.4941176471 -65.2235294118
-12.4941176471 -64.8
-12.4941176471 -62.9647058824
-12.4941176471 -62.2588235294
-12.4941176471 -43.2
-12.6352941176 -64.5176470588
-12.6352941176 -62.6823529412
-12.6352941176 -60.1411764706
-12.6352941176 -46.7294117647
-12.6352941176 -38.4
-12.7764705882 -65.9294117647
-12.7764705882 -65.0823529412
-12.7764705882 -62.4
-12.7764705882 -46.4470588235
-12.7764705882 -44.1882352941
-12.9176470588 -66.7764705882
-12.9176470588 -63.2470588235
-12.9176470588 -62.8235294118
-12.9176470588 -60.2823529412
-12.9176470588 -59.8588235294
-12.9176470588 -43.7647058824
-13.0588235294 -62.5411764706
-13.0588235294 -53.6470588235
-13.0588235294 -43.4823529412
-13.2 -44.4705882353
-13.2 -39.2470588235
-13.3411764706 -38.9647058824
-13.4823529412 -65.7882352941
-13.7647058824 -64.3764705882
-13.7647058824 -61.6941176471
-13.7647058824 -43.0588235294
-13.9058823529 -64.0941176471
-13.9058823529 -60.4235294118
-13.9058823529 -44.1882352941
-13.9058823529 -41.9294117647
-13.9058823529 -41.5058823529
-14.0470588235 -64.9411764706
-14.0470588235 -60.1411764706
-14.0470588235 -47.2941176471
-14.1882352941 -51.9529411765
-14.1882352941 -46.8705882353
-14.3294117647 -70.5882352941
-14.3294117647 -46.5882352941
-14.3294117647 -45.0352941176
-14.4705882353 -60.0
-14.4705882353 -51.8117647059
-14.4705882353 -43.9058823529
-14.6117647059 -70.7294117647
-14.6117647059 -67.4823529412
-14.6117647059 -65.2235294118
-14.7529411765 -64.9411764706
-14.7529411765 -44.1882352941
-15.0352941176 -65.0823529412
-15.0352941176 -64.6588235294
-15.0352941176 -47.2941176471
-15.0352941176 -44.3294117647
-15.1764705882 -44.0470588235
-15.1764705882 -43.2
-15.3176470588 -64.9411764706
-15.3176470588 -45.0352941176
-15.7411764706 -65.5058823529
-15.7411764706 -65.0823529412
-15.7411764706 -45.1764705882
-16.0235294118 -65.3647058824
-16.1647058824 -65.0823529412
-16.3058823529 -65.5058823529
-16.3058823529 -45.1764705882
-16.3058823529 -43.7647058824
-16.4470588235 -65.2235294118
-16.4470588235 -44.8941176471
-16.4470588235 -41.9294117647
-16.5882352941 -42.3529411765
-16.7294117647 -42.0705882353
-16.7294117647 -39.9529411765
-16.8705882353 -39.2470588235
-17.0117647059 -63.2470588235
-17.1529411765 -62.9647058824
-17.1529411765 -62.5411764706
-17.2941176471 -43.0588235294
-17.4352941176 -62.6823529412
-17.4352941176 -61.2705882353
-17.4352941176 -60.8470588235
-17.4352941176 -42.7764705882
-17.5764705882 -43.2
-17.7176470588 -61.4117647059
-17.7176470588 -60.9882352941
-17.7176470588 -43.6235294118
-17.7176470588 -42.6352941176
-17.7176470588 -39.5294117647
-17.8588235294 -43.3411764706
-17.8588235294 -42.3529411765
19.8352941176 -71.5764705882
18.7058823529 -70.3058823529
18.0 -0.141176470588
17.7176470588 -0.282352941176
15.6 -10.4470588235
15.6 -8.32941176471
15.4588235294 -8.04705882353
15.3176470588 -10.5882352941
15.3176470588 -8.47058823529
15.1764705882 -8.18823529412
15.0352941176 -11.7176470588
15.0352941176 -11.2941176471
15.0352941176 -10.4470588235
15.0352941176 -7.48235294118
14.8941176471 -13.6941176471
14.8941176471 -13.2705882353
14.8941176471 -12.0
14.8941176471 -10.7294117647
14.8941176471 -8.47058823529
14.8941176471 -7.2
14.7529411765 -11.5764705882
14.7529411765 -11.1529411765
14.7529411765 -10.3058823529
14.6117647059 -13.9764705882
14.6117647059 -13.5529411765
14.6117647059 -13.1294117647
14.6117647059 -12.2823529412
14.6117647059 -11.8588235294
14.6117647059 -8.61176470588
14.4705882353 -12.8470588235
14.4705882353 -11.2941176471
14.4705882353 -8.32941176471
14.4705882353 -7.76470588235
14.3294117647 -14.5411764706
14.3294117647 -14.1176470588
14.3294117647 -13.6941176471
14.3294117647 -13.2705882353
14.3294117647 -12.5647058824
14.3294117647 -11.5764705882
14.3294117647 -11.0117647059
14.1882352941 -12.2823529412
14.1882352941 -9.03529411765
14.0470588235 -14.6823529412
14.0470588235 -14.2588235294
14.0470588235 -12.7058823529
14.0470588235 -11.4352941176
14.0470588235 -10.8705882353
13.9058823529 -7.62352941176
13.0588235294 -4.37647058824
13.0588235294 -3.38823529412
12.4941176471 -4.65882352941
11.5058823529 -13.9764705882
-7.41176470588 -35.1529411765
-7.83529411765 -35.4352941176
43.6941176471 -3.67058823529
43.4117647059 -3.81176470588
42.5647058824 -1.69411764706
35.9294117647 -0.282352941176
-18.0 23.7176470588
-18.0 30.0705882353
-18.0 33.8823529412
-18.0 35.4352941176
-18.1411764706 21.3176470588
-18.1411764706 22.8705882353
-18.1411764706 24.0
-18.1411764706 30.3529411765
-18.1411764706 30.7764705882
-18.1411764706 31.2
-18.1411764706 31.6235294118
-18.1411764706 33.1764705882
-18.1411764706 34.3058823529
-18.1411764706 35.7176470588
-18.2823529412 21.6
-18.2823529412 22.0235294118
-18.2823529412 23.5764705882
-18.2823529412 31.9058823529
-18.2823529412 33.4588235294
-18.2823529412 34.5882352941
-18.2823529412 36.0
-18.4235294118 22.3058823529
-18.4235294118 23.8588235294
-18.4235294118 30.2117647059
-18.4235294118 30.9176470588
-18.4235294118 34.8705882353
-18.4235294118 35.2941176471
-18.5647058824 21.3176470588
-18.5647058824 21.7411764706
-18.5647058824 22.5882352941
-18.5647058824 23.0117647059
-18.5647058824 30.6352941176
-18.5647058824 31.2
-18.5647058824 33.0352941176
-18.5647058824 33.6
-18.5647058824 34.3058823529
-18.5647058824 35.5764705882
-18.7058823529 22.0235294118
-18.7058823529 32.3294117647
-18.7058823529 32.7529411765
-18.7058823529 33.3176470588
-18.7058823529 34.0235294118
-18.7058823529 34.5882352941
-18.7058823529 35.0117647059
-18.7058823529 35.8588235294
-18.8470588235 22.3058823529
-18.8470588235 22.7294117647
-18.8470588235 30.3529411765
-18.8470588235 30.7764705882
-18.8470588235 35.2941176471
-18.9882352941 21.8823529412
-18.9882352941 31.0588235294
-18.9882352941 32.6117647059
-18.9882352941 33.0352941176
-18.9882352941 34.1647058824
-18.9882352941 34.7294117647
-18.9882352941 35.5764705882
-19.1294117647 22.1647058824
-19.1294117647 22.5882352941
-19.1294117647 30.4941176471
-19.1294117647 33.6
-19.1294117647 34.4470588235
-19.1294117647 35.0117647059
-19.2705882353 28.0941176471
-19.2705882353 30.9176470588
-19.2705882353 35.2941176471
-19.4117647059 21.0352941176
-19.4117647059 28.3764705882
-19.4117647059 34.5882352941
-19.5529411765 21.3176470588
-19.5529411765 29.0823529412
-19.5529411765 34.8705882353
-19.5529411765 35.4352941176
-19.6941176471 19.6235294118
-19.6941176471 20.8941176471
-19.6941176471 28.0941176471
-19.6941176471 29.3647058824
-19.6941176471 29.7882352941
-19.8352941176 21.1764705882
-19.8352941176 28.9411764706
-19.8352941176 30.0705882353
-19.8352941176 32.8941176471
-19.9764705882 19.4823529412
-19.9764705882 28.6588235294
-19.9764705882 29.2235294118
-19.9764705882 29.6470588235
-19.9764705882 33.1764705882
-19.9764705882 33.8823529412
-20.1176470588 27.6705882353
-20.1176470588 32.4705882353
-20.1176470588 34.4470588235
-20.2588235294 27.9529411765
-20.2588235294 28.8
-20.2588235294 29.9294117647
-20.4 16.6588235294
-20.4 27.5294117647
-20.4 30.2117647059
-20.4 34.0235294118
-20.4 34.5882352941
-20.5411764706 27.8117647059
-20.5411764706 29.7882352941
-20.5411764706 34.3058823529
-20.6823529412 16.5176470588
-20.6823529412 28.0941176471
-20.6823529412 30.0705882353
-20.6823529412 33.4588235294
-20.8235294118 33.8823529412
-20.9647058824 28.3764705882
-20.9647058824 32.6117647059
-20.9647058824 34.1647058824
-21.1058823529 32.8941176471
-21.2470588235 18.2117647059
-21.3882352941 18.4941176471
-21.3882352941 32.7529411765
-22.0941176471 35.1529411765
-22.2352941176 32.3294117647
-22.2352941176 32.7529411765
-22.3764705882 33.1764705882
-22.3764705882 34.8705882353
-22.5176470588 33.4588235294
-22.6588235294 32.8941176471
-22.8 33.1764705882
-22.9411764706 32.7529411765
-23.0823529412 33.0352941176
-23.0823529412 33.4588235294
-23.2235294118 32.6117647059
-23.5058823529 23.7176470588
-23.5058823529 28.6588235294
-23.5058823529 32.7529411765
-23.6470588235 24.0
-23.6470588235 28.9411764706
-23.6470588235 33.0352941176
-23.7882352941 32.6117647059
-23.9294117647 23.8588235294
-23.9294117647 32.8941176471
-24.0705882353 34.7294117647
-24.2117647059 35.0117647059
-24.4941176471 32.1882352941
-24.6352941176 30.0705882353
-24.6352941176 32.4705882353
-24.6352941176 33.3176470588
-24.9176470588 27.2470588235
-25.0588235294 27.5294117647
-25.0588235294 29.3647058824
-25.0588235294 29.7882352941
-25.0588235294 32.6117647059
-25.2 28.8
-25.2 30.0705882353
-25.2 32.8941176471
-25.3411764706 29.2235294118
-25.4823529412 27.3882352941
-25.4823529412 28.6588235294
-25.4823529412 29.7882352941
-25.4823529412 30.2117647059
-25.4823529412 32.1882352941
-25.4823529412 32.6117647059
-25.4823529412 33.0352941176
-25.6235294118 26.9647058824
-25.6235294118 28.9411764706
-25.6235294118 29.3647058824
-25.7647058824 27.2470588235
-25.9058823529 28.0941176471
-26.0470588235 27.1058823529
-26.1882352941 27.3882352941
-26.3294117647 28.9411764706
-26.4705882353 31.0588235294
-26.6117647059 31.3411764706
-26.7529411765 30.9176470588
-26.8941176471 31.2
-27.3176470588 29.0823529412
-27.4588235294 28.6588235294
-27.4588235294 31.2
-27.4588235294 32.3294117647
-27.6 28.9411764706
-27.6 30.4941176471
-27.6 31.4823529412
-27.6 32.6117647059
-28.1647058824 29.7882352941
-29.2941176471 29.7882352941
-29.4352941176 30.0705882353
-29.8588235294 28.5176470588
-29.8588235294 28.9411764706
-30.0 29.2235294118
-30.1411764706 28.6588235294
15.1764705882 19.6235294118
14.1882352941 32.4705882353
14.0470588235 13.2705882353
14.0470588235 13.6941176471
13.9058823529 13.9764705882
13.7647058824 13.4117647059
13.6235294118 13.6941176471
13.6235294118 14.1176470588
13.4823529412 13.2705882353
13.3411764706 13.5529411765
13.3411764706 13.9764705882
13.0588235294 13.6941176471
12.9176470588 10.0235294118
12.7764705882 2.4
12.7764705882 10.3058823529
12.7764705882 26.2588235294
12.7764705882 35.2941176471
12.7764705882 35.7176470588
12.6352941176 1.83529411765
12.6352941176 2.68235294118
12.6352941176 27.3882352941
12.4941176471 2.11764705882
12.4941176471 28.2352941176
12.4941176471 35.0117647059
12.4941176471 35.4352941176
12.4941176471 35.8588235294
12.3529411765 1.69411764706
12.3529411765 13.6941176471
12.3529411765 25.8352941176
12.3529411765 32.7529411765
12.2117647059 1.97647058824
12.2117647059 2.82352941176
12.2117647059 13.4117647059
12.2117647059 13.9764705882
12.2117647059 20.6117647059
12.2117647059 26.1176470588
12.2117647059 28.0941176471
12.2117647059 29.0823529412
12.2117647059 29.6470588235
12.2117647059 30.3529411765
12.2117647059 32.3294117647
12.2117647059 33.0352941176
12.2117647059 33.4588235294
12.2117647059 34.4470588235
12.2117647059 35.1529411765
12.2117647059 35.5764705882
12.0705882353 0.988235294118
12.0705882353 14.2588235294
12.0705882353 20.8941176471
12.0705882353 23.1529411765
12.0705882353 23.5764705882
12.0705882353 28.3764705882
12.0705882353 29.3647058824
12.0705882353 29.9294117647
12.0705882353 30.6352941176
12.0705882353 32.6117647059
12.0705882353 34.8705882353
12.0705882353 35.8588235294
11.9294117647 2.68235294118
11.9294117647 13.2705882353
11.9294117647 13.6941176471
11.9294117647 14.5411764706
11.9294117647 25.8352941176
11.9294117647 26.2588235294
11.9294117647 28.9411764706
11.9294117647 30.2117647059
11.9294117647 35.2941176471
11.7882352941 1.41176470588
11.7882352941 2.96470588235
11.7882352941 13.9764705882
11.7882352941 20.4705882353
11.7882352941 21.1764705882
11.7882352941 23.2941176471
11.7882352941 29.2235294118
11.7882352941 29.6470588235
11.7882352941 30.4941176471
11.7882352941 32.3294117647
11.7882352941 35.0117647059
11.7882352941 35.5764705882
11.6470588235 0.564705882353
11.6470588235 1.69411764706
11.6470588235 12.8470588235
11.6470588235 14.2588235294
11.6470588235 19.0588235294
11.6470588235 20.7529411765
11.6470588235 23.5764705882
11.6470588235 28.3764705882
11.6470588235 28.8
11.6470588235 29.9294117647
11.6470588235 30.7764705882
11.5058823529 0.847058823529
11.5058823529 13.1294117647
11.5058823529 13.8352941176
11.5058823529 21.0352941176
11.5058823529 21.4588235294
11.5058823529 29.0823529412
11.5058823529 29.5058823529
11.5058823529 30.2117647059
11.5058823529 31.0588235294
11.5058823529 31.9058823529
11.5058823529 34.3058823529
11.5058823529 34.7294117647
11.5058823529 35.1529411765
11.3647058824 12.7058823529
11.3647058824 14.1176470588
11.3647058824 20.6117647059
11.3647058824 21.7411764706
11.3647058824 28.6588235294
11.3647058824 29.7882352941
11.3647058824 30.4941176471
11.3647058824 32.1882352941
11.3647058824 35.4352941176
11.2235294118 12.9882352941
11.2235294118 18.0705882353
11.2235294118 21.3176470588
11.2235294118 28.2352941176
11.2235294118 28.9411764706
11.2235294118 29.3647058824
11.2235294118 30.0705882353
11.2235294118 30.7764705882
11.2235294118 31.7647058824
11.2235294118 32.4705882353
11.2235294118 34.0235294118
11.2235294118 34.4470588235
11.2235294118 34.8705882353
11.0823529412 21.6
11.0823529412 22.0235294118
11.0823529412 28.5176470588
11.0823529412 29.6470588235
11.0823529412 30.3529411765
11.0823529412 32.0470588235
11.0823529412 33.7411764706
11.0823529412 35.1529411765
10.9411764706 19.2
10.9411764706 22.3058823529
10.9411764706 26.8235294118
10.9411764706 27.2470588235
10.9411764706 28.0941176471
10.9411764706 28.8
10.9411764706 29.2235294118
10.9411764706 29.9294117647
10.9411764706 30.6352941176
10.9411764706 31.2
10.9411764706 31.6235294118
10.9411764706 33.1764705882
10.9411764706 34.1647058824
10.9411764706 34.5882352941
10.8 15.1058823529
10.8 19.4823529412
10.8 20.7529411765
10.8 21.7411764706
10.8 22.5882352941
10.8 27.8117647059
10.8 28.3764705882
10.8 29.5058823529
10.8 30.2117647059
10.8 31.9058823529
10.8 33.4588235294
10.8 33.8823529412
10.8 34.8705882353
10.6588235294 21.0352941176
10.6588235294 21.4588235294
10.6588235294 22.0235294118
10.6588235294 25.2705882353
10.6588235294 26.5411764706
10.6588235294 26.9647058824
10.6588235294 27.3882352941
10.6588235294 28.6588235294
10.6588235294 29.0823529412
10.6588235294 29.7882352941
10.6588235294 30.4941176471
10.6588235294 30.9176470588
10.6588235294 31.3411764706
10.6588235294 32.4705882353
10.6588235294 34.3058823529
10.6588235294 35.4352941176
10.5176470588 19.2
10.5176470588 22.3058823529
10.5176470588 22.7294117647
10.5176470588 23.2941176471
10.5176470588 25.5529411765
10.5176470588 27.6705882353
10.5176470588 28.0941176471
10.5176470588 29.3647058824
10.5176470588 30.0705882353
10.5176470588 31.6235294118
10.5176470588 33.6
10.5176470588 34.0235294118
10.5176470588 34.5882352941
10.5176470588 35.7176470588
10.3764705882 20.7529411765
10.3764705882 21.1764705882
10.3764705882 21.8823529412
10.3764705882 23.5764705882
10.3764705882 24.9882352941
10.3764705882 26.6823529412
10.3764705882 27.1058823529
10.3764705882 28.3764705882
10.3764705882 28.8
10.3764705882 30.6352941176
10.3764705882 31.0588235294
10.3764705882 32.6117647059
10.3764705882 33.0352941176
10.3764705882 34.8705882353
10.3764705882 35.2941176471
10.2352941176 22.1647058824
10.2352941176 22.5882352941
10.2352941176 25.2705882353
10.2352941176 27.3882352941
10.2352941176 27.8117647059
10.2352941176 29.0823529412
10.2352941176 29.9294117647
10.2352941176 30.3529411765
10.2352941176 33.3176470588
10.2352941176 33.7411764706
10.2352941176 34.1647058824
10.2352941176 35.5764705882
10.0941176471 20.8941176471
10.0941176471 22.8705882353
10.0941176471 23.2941176471
10.0941176471 23.7176470588
10.0941176471 24.1411764706
10.0941176471 24.5647058824
10.0941176471 25.5529411765
10.0941176471 26.2588235294
10.0941176471 26.8235294118
10.0941176471 28.0941176471
10.0941176471 28.5176470588
10.0941176471 30.7764705882
10.0941176471 34.4470588235
9.95294117647 22.4470588235
9.95294117647 24.8470588235
9.95294117647 26.5411764706
9.95294117647 27.1058823529
9.95294117647 27.5294117647
9.95294117647 28.8
9.95294117647 29.2235294118
9.95294117647 29.6470588235
9.95294117647 30.2117647059
9.95294117647 33.6
9.95294117647 34.0235294118
9.81176470588 22.7294117647
9.81176470588 23.4352941176
9.81176470588 23.8588235294
9.81176470588 24.2823529412
9.81176470588 25.1294117647
9.81176470588 27.8117647059
9.81176470588 28.2352941176
9.81176470588 34.3058823529
9.67058823529 24.5647058824
9.67058823529 25.4117647059
9.67058823529 26.6823529412
9.67058823529 27.2470588235
9.67058823529 28.5176470588
9.67058823529 28.9411764706
9.67058823529 33.7411764706
9.52941176471 23.7176470588
9.52941176471 24.1411764706
9.52941176471 24.8470588235
9.52941176471 25.6941176471
9.52941176471 26.9647058824
9.52941176471 27.5294117647
9.52941176471 27.9529411765
9.52941176471 29.2235294118
9.52941176471 34.0235294118
9.38823529412 24.4235294118
9.38823529412 25.1294117647
9.38823529412 25.9764705882
9.38823529412 26.4
9.38823529412 28.3764705882
9.38823529412 28.8
9.38823529412 30.0705882353
9.38823529412 32.6117647059
9.38823529412 33.0352941176
9.24705882353 24.7058823529
9.24705882353 25.4117647059
9.24705882353 26.6823529412
9.24705882353 27.1058823529
9.24705882353 27.6705882353
9.24705882353 29.0823529412
9.24705882353 31.0588235294
9.24705882353 34.1647058824
9.10588235294 24.2823529412
9.10588235294 24.9882352941
9.10588235294 25.6941176471
9.10588235294 26.1176470588
9.10588235294 28.5176470588
9.10588235294 32.4705882353
9.10588235294 32.8941176471
8.96470588235 5.22352941176
8.96470588235 25.2705882353
8.96470588235 26.4
8.96470588235 26.8235294118
8.96470588235 27.2470588235
8.96470588235 28.8
8.96470588235 29.2235294118
8.96470588235 30.9176470588
8.82352941176 25.5529411765
8.82352941176 25.9764705882
8.82352941176 32.6117647059
8.68235294118 24.9882352941
8.68235294118 26.2588235294
8.68235294118 26.6823529412
8.68235294118 27.1058823529
8.68235294118 27.6705882353
8.68235294118 29.0823529412
8.54117647059 25.2705882353
8.54117647059 25.6941176471
8.54117647059 27.9529411765
8.54117647059 29.3647058824
8.54117647059 30.2117647059
8.54117647059 32.3294117647
8.4 25.9764705882
8.4 26.4
8.4 26.8235294118
8.4 27.3882352941
8.4 32.6117647059
8.25882352941 25.5529411765
8.25882352941 27.6705882353
8.25882352941 28.0941176471
8.25882352941 29.0823529412
8.25882352941 29.9294117647
8.11764705882 26.5411764706
8.11764705882 29.3647058824
8.11764705882 34.1647058824
7.97647058824 27.3882352941
7.97647058824 27.8117647059
7.97647058824 28.2352941176
7.97647058824 32.8941176471
7.97647058824 34.4470588235
7.83529411765 28.5176470588
7.83529411765 30.0705882353
7.83529411765 30.4941176471
7.83529411765 30.9176470588
7.83529411765 31.6235294118
7.69411764706 27.5294117647
7.69411764706 27.9529411765
7.69411764706 28.8
7.69411764706 31.2
7.55294117647 5.08235294118
7.55294117647 28.2352941176
7.55294117647 30.2117647059
7.55294117647 30.6352941176
7.41176470588 27.3882352941
7.41176470588 27.8117647059
7.41176470588 28.5176470588
7.41176470588 28.9411764706
7.41176470588 30.9176470588
7.27058823529 28.0941176471
7.27058823529 29.2235294118
7.12941176471 28.3764705882
7.12941176471 29.5058823529
6.98823529412 29.0823529412
6.98823529412 29.7882352941
6.98823529412 33.8823529412
6.84705882353 28.2352941176
6.84705882353 29.3647058824
6.84705882353 34.1647058824
6.70588235294 29.6470588235
6.56470588235 27.3882352941
6.56470588235 27.8117647059
6.56470588235 28.6588235294
6.56470588235 29.2235294118
6.56470588235 29.9294117647
6.56470588235 30.3529411765
6.56470588235 33.8823529412
6.42352941176 29.5058823529
6.28235294118 6.63529411765
6.28235294118 27.2470588235
6.28235294118 27.6705882353
6.28235294118 28.5176470588
6.28235294118 29.7882352941
6.28235294118 30.2117647059
6.28235294118 33.4588235294
6.14117647059 29.3647058824
6.14117647059 30.4941176471
6.0 27.5294117647
6.0 29.6470588235
5.85882352941 30.7764705882
5.71764705882 5.64705882353
5.71764705882 27.3882352941
5.71764705882 28.2352941176
5.71764705882 29.7882352941
5.71764705882 30.4941176471
5.57647058824 6.35294117647
5.57647058824 28.5176470588
5.43529411765 6.63529411765
5.29411764706 29.0823529412
-0.211764705882 9.17647058824
-1.05882352941 29.3647058824
-3.6 12.5647058824
-3.74117647059 13.1294117647
-3.88235294118 12.4235294118
-3.88235294118 13.4117647059
-4.02352941176 13.6941176471
-4.87058823529 34.7294117647
-5.01176470588 11.8588235294
-5.01176470588 13.8352941176
-5.15294117647 14.1176470588
-5.15294117647 34.5882352941
-5.15294117647 35.2941176471
-5.15294117647 35.7176470588
-5.29411764706 13.6941176471
-5.29411764706 34.8705882353
-5.43529411765 13.9764705882
-5.43529411765 25.5529411765
-5.43529411765 35.1529411765
-5.43529411765 35.5764705882
-5.57647058824 34.7294117647
-5.71764705882 13.8352941176
-5.71764705882 31.4823529412
-5.85882352941 12.7058823529
-6.0 31.6235294118
-6.14117647059 12.8470588235
-6.70588235294 25.6941176471
-6.84705882353 35.1529411765
-7.41176470588 12.8470588235
-7.55294117647 13.1294117647
-7.69411764706 35.2941176471
-8.4 13.2705882353
-8.4 35.2941176471
-8.54117647059 13.5529411765
-8.54117647059 35.5764705882
-8.68235294118 35.8588235294
-8.82352941176 35.4352941176
-8.96470588235 35.7176470588
-9.24705882353 31.7647058824
-9.24705882353 35.4352941176
-9.38823529412 13.8352941176
-9.38823529412 32.1882352941
-9.52941176471 14.1176470588
-9.52941176471 32.4705882353
-9.52941176471 35.5764705882
-9.67058823529 28.0941176471
-9.67058823529 31.2
-9.67058823529 32.0470588235
-9.81176470588 32.3294117647
-9.81176470588 35.0117647059
-9.95294117647 32.6117647059
-9.95294117647 35.2941176471
-10.0941176471 33.4588235294
-10.0941176471 34.8705882353
-10.2352941176 35.1529411765
-10.3764705882 32.1882352941
-10.5176470588 35.7176470588
-10.8 29.3647058824
-10.8 30.4941176471
-10.8 31.7647058824
-10.8 35.5764705882
-10.9411764706 29.6470588235
-10.9411764706 32.0470588235
-11.0823529412 31.0588235294
-11.0823529412 34.5882352941
-11.2235294118 29.5058823529
-11.2235294118 31.3411764706
-11.3647058824 28.8
-11.3647058824 29.2235294118
-11.3647058824 29.7882352941
-11.3647058824 30.9176470588
-11.5058823529 31.2
-11.6470588235 29.3647058824
-11.6470588235 29.9294117647
-11.7882352941 28.8
-11.7882352941 29.6470588235
-11.7882352941 30.2117647059
-11.9294117647 31.9058823529
-12.0705882353 30.6352941176
-12.0705882353 32.1882352941
-12.2117647059 25.8352941176
-12.2117647059 33.7411764706
-12.3529411765 30.7764705882
-12.3529411765 34.0235294118
-12.4941176471 29.0823529412
-12.4941176471 30.0705882353
-12.4941176471 30.4941176471
-12.4941176471 31.0588235294
-12.6352941176 33.8823529412
-12.7764705882 25.6941176471
-12.7764705882 29.9294117647
-12.7764705882 30.3529411765
-12.7764705882 30.7764705882
-12.7764705882 34.1647058824
-13.0588235294 30.0705882353
-13.0588235294 30.6352941176
-13.3411764706 29.9294117647
-13.3411764706 30.3529411765
-13.4823529412 23.5764705882
-13.4823529412 25.1294117647
-13.4823529412 26.2588235294
-13.4823529412 27.8117647059
-13.4823529412 29.0823529412
-13.4823529412 29.5058823529
-13.6235294118 23.8588235294
-13.6235294118 29.7882352941
-13.6235294118 30.2117647059
-13.7647058824 28.9411764706
-13.7647058824 29.3647058824
-14.0470588235 27.3882352941
-14.1882352941 17.6470588235
-14.1882352941 21.4588235294
-14.1882352941 24.4235294118
-14.1882352941 27.6705882353
-14.3294117647 25.9764705882
-14.3294117647 27.9529411765
-14.3294117647 35.0117647059
-14.4705882353 26.2588235294
-14.4705882353 26.8235294118
-14.4705882353 27.5294117647
-14.4705882353 29.5058823529
-14.6117647059 25.8352941176
-14.6117647059 27.1058823529
-14.6117647059 29.7882352941
-14.7529411765 26.1176470588
-14.7529411765 29.0823529412
-14.7529411765 32.4705882353
-14.8941176471 20.4705882353
-14.8941176471 24.5647058824
-14.8941176471 26.8235294118
-14.8941176471 29.9294117647
-15.0352941176 20.7529411765
-15.0352941176 33.3176470588
-15.1764705882 32.6117647059
-15.1764705882 33.0352941176
-15.1764705882 34.3058823529
-15.3176470588 30.3529411765
-15.3176470588 31.6235294118
-15.3176470588 32.0470588235
-15.3176470588 33.4588235294
-15.3176470588 34.5882352941
-15.4588235294 27.6705882353
-15.4588235294 28.0941176471
-15.4588235294 29.0823529412
-15.4588235294 31.0588235294
-15.4588235294 32.4705882353
-15.4588235294 32.8941176471
-15.6 22.3058823529
-15.6 27.3882352941
-15.6 29.3647058824
-15.6 31.3411764706
-15.6 31.7647058824
-15.7411764706 23.0117647059
-15.7411764706 27.8117647059
-15.7411764706 28.9411764706
-15.7411764706 30.6352941176
-15.7411764706 32.0470588235
-15.7411764706 33.0352941176
-15.7411764706 33.7411764706
-15.7411764706 34.5882352941
-15.8823529412 25.2705882353
-15.8823529412 25.9764705882
-15.8823529412 27.5294117647
-15.8823529412 29.2235294118
-15.8823529412 32.3294117647
-15.8823529412 32.7529411765
-15.8823529412 33.4588235294
-15.8823529412 34.0235294118
-16.0235294118 26.8235294118
-16.1647058824 30.3529411765
-16.1647058824 32.1882352941
-16.1647058824 32.6117647059
-16.1647058824 33.0352941176
-16.1647058824 33.6
-16.3058823529 26.5411764706
-16.3058823529 26.9647058824
-16.3058823529 33.8823529412
-16.4470588235 22.0235294118
-16.4470588235 32.3294117647
-16.4470588235 32.7529411765
-16.4470588235 33.1764705882
-16.5882352941 21.1764705882
-16.5882352941 22.3058823529
-16.5882352941 26.6823529412
-16.5882352941 28.8
-16.5882352941 29.5058823529
-16.5882352941 29.9294117647
-16.5882352941 30.6352941176
-16.5882352941 31.2
-16.5882352941 33.4588235294
-16.5882352941 34.0235294118
-16.7294117647 20.3294117647
-16.7294117647 21.4588235294
-16.7294117647 25.4117647059
-16.7294117647 26.1176470588
-16.7294117647 29.0823529412
-16.7294117647 30.9176470588
-16.7294117647 32.0470588235
-16.7294117647 32.4705882353
-16.7294117647 32.8941176471
-16.7294117647 33.7411764706
-16.7294117647 34.3058823529
-16.8705882353 20.6117647059
-16.8705882353 22.1647058824
-16.8705882353 29.3647058824
-16.8705882353 29.7882352941
-16.8705882353 31.3411764706
-16.8705882353 33.1764705882
-16.8705882353 35.8588235294
-17.0117647059 20.1882352941
-17.0117647059 22.8705882353
-17.0117647059 28.8
-17.0117647059 30.0705882353
-17.0117647059 30.4941176471
-17.0117647059 32.6117647059
-17.0117647059 33.4588235294
-17.0117647059 33.8823529412
-17.0117647059 34.4470588235
-17.1529411765 20.4705882353
-17.1529411765 29.0823529412
-17.1529411765 31.0588235294
-17.1529411765 31.4823529412
-17.1529411765 34.1647058824
-17.1529411765 34.7294117647
-17.1529411765 35.7176470588
-17.2941176471 29.3647058824
-17.2941176471 30.2117647059
-17.2941176471 30.6352941176
-17.2941176471 36.0
-17.4352941176 29.9294117647
-17.4352941176 31.2
-17.4352941176 33.0352941176
-17.4352941176 34.5882352941
-17.4352941176 35.2941176471
-17.5764705882 21.3176470588
-17.5764705882 22.5882352941
-17.5764705882 24.7058823529
-17.5764705882 25.1294117647
-17.5764705882 26.2588235294
-17.5764705882 26.8235294118
-17.5764705882 27.8117647059
-17.5764705882 29.0823529412
-17.5764705882 30.3529411765
-17.5764705882 31.4823529412
-17.5764705882 33.3176470588
-17.5764705882 35.5764705882
-17.7176470588 26.5411764706
-17.7176470588 29.3647058824
-17.7176470588 30.0705882353
-17.7176470588 31.0588235294
-17.7176470588 32.8941176471
-17.7176470588 33.6
-17.7176470588 34.3058823529
-17.7176470588 35.8588235294
-17.8588235294 24.8470588235
-17.8588235294 31.3411764706
-17.8588235294 33.1764705882
-17.8588235294 34.5882352941
-17.8588235294 35.2941176471
-18.0 33.7411764706
-18.0 35.5764705882
53.2941176471 35.4352941176
52.3058823529 10.3058823529
51.7411764706 6.63529411765
51.4588235294 6.49411764706
50.8941176471 14.5411764706
50.8941176471 31.3411764706
50.8941176471 31.7647058824
50.7529411765 14.8235294118
50.7529411765 33.4588235294
50.6117647059 31.4823529412
50.6117647059 31.9058823529
50.0470588235 27.8117647059
50.0470588235 33.1764705882
49.9058823529 25.4117647059
49.9058823529 28.0941176471
49.9058823529 32.7529411765
49.9058823529 33.4588235294
49.9058823529 34.3058823529
49.7647058824 25.6941176471
49.7647058824 27.2470588235
49.7647058824 33.0352941176
49.7647058824 34.5882352941
49.6235294118 27.5294117647
49.6235294118 35.0117647059
49.4823529412 26.5411764706
49.4823529412 35.2941176471
49.3411764706 27.3882352941
49.3411764706 34.7294117647
49.2 35.0117647059
49.0588235294 29.9294117647
49.0588235294 30.3529411765
48.9176470588 30.6352941176
48.9176470588 31.9058823529
48.9176470588 32.7529411765
48.7764705882 21.0352941176
48.7764705882 29.7882352941
48.6352941176 33.3176470588
48.4941176471 14.1176470588
48.4941176471 32.3294117647
48.3529411765 14.4
48.3529411765 30.6352941176
48.3529411765 32.6117647059
47.9294117647 30.2117647059
47.6470588235 30.0705882353
47.2235294118 32.0470588235
46.9411764706 24.2823529412
46.6588235294 24.1411764706
46.0941176471 33.7411764706
45.9529411765 19.2
45.9529411765 19.7647058824
45.8117647059 19.4823529412
45.8117647059 20.4705882353
45.6705882353 19.9058823529
45.6705882353 20.7529411765
45.5294117647 19.3411764706
45.5294117647 20.3294117647
45.3882352941 20.6117647059
45.2470588235 19.4823529412
44.2588235294 22.8705882353
43.5529411765 4.65882352941
37.6235294118 35.5764705882
37.4823529412 35.8588235294
37.2 35.5764705882
36.9176470588 35.4352941176
36.9176470588 35.8588235294
31.9764705882 5.92941176471
31.8352941176 5.64705882353
31.6941176471 6.07058823529
31.5529411765 5.78823529412
29.4352941176 19.4823529412
29.2941176471 19.7647058824
29.0117647059 19.6235294118
28.8705882353 19.9058823529
28.1647058824 22.1647058824
28.0235294118 22.4470588235
27.6 22.4470588235
-18.2823529412 36.2823529412
-18.5647058824 36.0
-18.5647058824 36.4235294118
-18.9882352941 45.1764705882
-20.4 44.0470588235
-20.9647058824 55.4823529412
-21.1058823529 55.7647058824
-21.3882352941 46.7294117647
-21.3882352941 55.4823529412
13.9058823529 40.3764705882
13.7647058824 40.6588235294
13.4823529412 41.0823529412
13.3411764706 41.3647058824
13.0588235294 41.0823529412
13.0588235294 41.5058823529
12.6352941176 40.0941176471
10.2352941176 37.2705882353
10.0941176471 37.5529411765
9.81176470588 37.4117647059
4.44705882353 36.9882352941
2.75294117647 39.2470588235
2.18823529412 36.2823529412
2.04705882353 39.2470588235
-0.776470588235 39.5294117647
-0.917647058824 39.8117647059
-6.28235294118 36.4235294118
-6.42352941176 36.7058823529
-6.70588235294 36.4235294118
-6.84705882353 36.7058823529
-6.98823529412 36.0
-7.12941176471 36.2823529412
-7.27058823529 36.7058823529
-7.41176470588 36.9882352941
-7.41176470588 38.6823529412
-7.97647058824 36.2823529412
-8.11764705882 36.7058823529
-8.68235294118 36.4235294118
-8.82352941176 36.7058823529
-11.7882352941 39.9529411765
-11.9294117647 36.7058823529
-11.9294117647 37.9764705882
-12.4941176471 39.9529411765
-13.0588235294 48.8470588235
-13.2 49.1294117647
-13.4823529412 39.9529411765
-13.6235294118 40.2352941176
-14.6117647059 47.7176470588
-14.7529411765 48.2823529412
-14.8941176471 48.5647058824
-15.0352941176 46.8705882353
-15.0352941176 47.2941176471
-15.1764705882 48.2823529412
-15.3176470588 47.0117647059
-15.3176470588 47.4352941176
-15.3176470588 48.0
-15.4588235294 47.7176470588
-15.6 47.2941176471
-15.6 48.1411764706
-15.7411764706 36.2823529412
-15.7411764706 47.5764705882
-15.8823529412 47.8588235294
-16.1647058824 36.4235294118
-16.1647058824 45.7411764706
-16.1647058824 47.5764705882
-16.4470588235 36.5647058824
-16.4470588235 45.6
-16.5882352941 45.8823529412
-16.7294117647 47.5764705882
-16.8705882353 38.4
-16.8705882353 47.8588235294
-17.0117647059 47.4352941176
-17.2941176471 46.7294117647
-17.4352941176 47.0117647059
-17.8588235294 36.8470588235
53.8588235294 39.5294117647
53.7176470588 39.8117647059
52.8705882353 39.3882352941
52.7294117647 39.6705882353
52.5882352941 39.2470588235
51.3176470588 38.9647058824
51.3176470588 40.0941176471
51.1764705882 39.2470588235
50.4705882353 44.0470588235
50.3294117647 44.3294117647
50.0470588235 41.3647058824
50.0470588235 44.1882352941
49.7647058824 41.5058823529
47.7882352941 41.0823529412
47.5058823529 40.9411764706
47.5058823529 41.3647058824
47.3647058824 37.2705882353
47.2235294118 37.5529411765
45.9529411765 47.4352941176
45.6705882353 47.2941176471
45.5294117647 47.5764705882
45.3882352941 41.5058823529
45.3882352941 44.0470588235
45.2470588235 41.7882352941
45.2470588235 42.9176470588
45.2470588235 44.3294117647
45.2470588235 45.4588235294
45.1058823529 45.7411764706
44.9647058824 42.7764705882
44.9647058824 46.0235294118
44.6823529412 41.7882352941
44.2588235294 44.1882352941
44.1176470588 44.4705882353
43.8352941176 44.3294117647
38.7529411765 66.4941176471
38.4705882353 66.6352941176
37.3411764706 36.1411764706
37.2 39.9529411765
36.9176470588 39.8117647059
36.2117647059 43.6235294118
35.9294117647 43.4823529412
35.9294117647 43.9058823529
35.6470588235 43.6235294118
35.6470588235 44.0470588235
35.2235294118 40.3764705882
35.2235294118 43.7647058824
35.0823529412 44.0470588235
34.9411764706 43.4823529412
34.8 43.7647058824
34.8 44.1882352941
33.5294117647 44.1882352941
33.2470588235 45.7411764706
33.1058823529 46.0235294118
32.6823529412 45.4588235294
32.5411764706 45.7411764706
32.5411764706 47.4352941176
32.4 47.1529411765
32.4 47.7176470588
32.1176470588 47.2941176471
31.9764705882 45.8823529412
31.9764705882 70.8705882353
31.8352941176 46.1647058824
31.8352941176 47.1529411765
31.8352941176 47.5764705882
31.5529411765 45.7411764706
31.5529411765 47.2941176471
31.4117647059 46.0235294118
31.4117647059 47.5764705882
31.4117647059 48.7058823529
31.2705882353 47.0117647059
31.2705882353 48.0
31.2705882353 48.9882352941
31.1294117647 47.2941176471
31.1294117647 47.7176470588
30.9882352941 48.1411764706
30.9882352941 71.7176470588
30.8470588235 47.0117647059
30.8470588235 47.4352941176
30.8470588235 72.0
30.7058823529 47.7176470588
30.7058823529 71.5764705882
30.5647058824 47.1529411765
30.5647058824 71.8588235294
30.4235294118 47.4352941176
30.4235294118 70.5882352941
30.2823529412 47.0117647059
30.1411764706 47.2941176471
27.7411764706 52.3764705882
27.6 52.6588235294
27.4588235294 56.3294117647
27.3176470588 52.5176470588
27.1764705882 49.4117647059
27.0352941176 49.6941176471
27.0352941176 55.6235294118
26.8941176471 55.9058823529
26.0470588235 51.3882352941
25.9058823529 51.6705882353
25.7647058824 49.1294117647
25.6235294118 49.4117647059
24.0705882353 38.1176470588
22.8 53.7882352941
22.6588235294 54.0705882353
22.5176470588 53.6470588235
22.3764705882 53.9294117647
55.8352941176 39.5294117647
54.9882352941 39.3882352941
54.8470588235 40.3764705882
54.5647058824 40.5176470588
54.2823529412 40.3764705882
17.5764705882 104.611764706
17.0117647059 107.294117647
16.8705882353 107.576470588
16.7294117647 107.152941176
16.5882352941 103.482352941
16.5882352941 107.435294118
16.4470588235 107.717647059
16.3058823529 100.517647059
16.1647058824 100.8
15.1764705882 100.235294118
14.8941176471 106.870588235
14.4705882353 100.235294118
14.3294117647 100.517647059
14.1882352941 100.094117647
14.1882352941 101.788235294
14.1882352941 104.188235294
14.0470588235 100.376470588
13.9058823529 100.658823529
13.9058823529 101.082352941
13.7647058824 106.305882353
13.6235294118 100.8
13.6235294118 106.588235294
13.4823529412 105.035294118
13.3411764706 105.317647059
13.3411764706 106.305882353
13.3411764706 106.729411765
13.2 101.082352941
13.2 105.741176471
13.0588235294 105.458823529
13.0588235294 106.023529412
12.7764705882 105.741176471
12.4941176471 105.882352941
12.3529411765 106.164705882
12.2117647059 106.447058824
11.6470588235 107.435294118
11.3647058824 106.305882353
11.3647058824 107.294117647
11.2235294118 106.870588235
11.2235294118 107.576470588
11.0823529412 107.152941176
10.9411764706 106.447058824
10.9411764706 107.435294118
10.8 106.729411765
10.6588235294 105.317647059
10.6588235294 106.305882353
10.5176470588 104.752941176
10.5176470588 105.6
10.3764705882 105.035294118
3.45882352941 98.4
3.17647058824 98.2588235294
1.76470588235 102.070588235
1.2 104.047058824
0.635294117647 101.929411765
-0.0705882352941 102.635294118
-0.352941176471 102.494117647
-0.352941176471 102.917647059
-0.635294117647 102.776470588
-0.917647058824 102.635294118
-1.05882352941 101.223529412
-1.05882352941 102.917647059
-1.2 101.505882353
-1.2 102.070588235
-1.2 102.494117647
-1.2 103.905882353
-1.2 104.329411765
-1.34117647059 104.611764706
-1.48235294118 104.047058824
-1.62352941176 104.329411765
-1.62352941176 106.023529412
-1.76470588235 104.611764706
-1.90588235294 102.494117647
-1.90588235294 103.058823529
-1.90588235294 103.482352941
-1.90588235294 104.188235294
-1.90588235294 105.741176471
-1.90588235294 106.164705882
-2.04705882353 102.776470588
-2.18823529412 103.2
-2.18823529412 105.882352941
-2.18823529412 106.305882353
-2.32941176471 102.917647059
-2.32941176471 103.482352941
-2.32941176471 104.329411765
-2.32941176471 104.752941176
-2.47058823529 103.764705882
-2.47058823529 105.317647059
-2.47058823529 106.023529412
-2.47058823529 106.447058824
-2.61176470588 103.058823529
-2.61176470588 104.470588235
-2.61176470588 105.6
-2.61176470588 106.729411765
-2.75294117647 103.341176471
-2.75294117647 103.905882353
-2.75294117647 104.752941176
-2.75294117647 105.176470588
-2.75294117647 105.882352941
-2.75294117647 106.305882353
-2.89411764706 103.623529412
-2.89411764706 105.458823529
-2.89411764706 106.588235294
-2.89411764706 107.576470588
-3.03529411765 103.2
-3.03529411765 104.047058824
-3.03529411765 105.741176471
-3.03529411765 107.858823529
-3.17647058824 103.482352941
-3.17647058824 105.176470588
-3.17647058824 106.023529412
-3.31764705882 103.764705882
-3.31764705882 105.458823529
-3.45882352941 105.741176471
-3.6 103.623529412
-3.6 105.317647059
-3.74117647059 103.905882353
-3.74117647059 105.035294118
-3.74117647059 105.6
-3.74117647059 106.023529412
-3.88235294118 103.2
-4.02352941176 103.764705882
-4.02352941176 105.317647059
-4.02352941176 105.741176471
-4.16470588235 104.047058824
-4.16470588235 104.752941176
-4.30588235294 104.329411765
-4.30588235294 105.035294118
-4.30588235294 105.458823529
-4.30588235294 105.882352941
-4.44705882353 103.058823529
-4.44705882353 103.623529412
-4.58823529412 103.341176471
-4.58823529412 103.905882353
-4.58823529412 104.470588235
-4.58823529412 105.176470588
-4.58823529412 105.6
-4.72941176471 104.752941176
-4.72941176471 105.882352941
-5.01176470588 105.6
-5.15294117647 105.882352941
-5.29411764706 105.458823529
-5.43529411765 105.741176471
-6.28235294118 107.294117647
-6.98823529412 107.717647059
54.0 92.1882352941
46.5176470588 84.4235294118
46.3764705882 84.7058823529
44.9647058824 90.0705882353
44.8235294118 90.3529411765
44.6823529412 86.5411764706
44.5411764706 85.2705882353
44.4 85.5529411765
44.1176470588 85.4117647059
43.1294117647 80.7529411765
42.9882352941 80.3294117647
42.8470588235 80.6117647059
32.5411764706 72.7058823529
32.4 72.4235294118
32.4 73.5529411765
32.4 75.2470588235
32.2588235294 73.1294117647
32.2588235294 73.8352941176
32.2588235294 74.6823529412
32.2588235294 75.5294117647
32.1176470588 73.4117647059
32.1176470588 74.1176470588
32.1176470588 74.9647058824
31.9764705882 72.9882352941
31.9764705882 73.6941176471
31.9764705882 74.4
31.9764705882 75.2470588235
31.9764705882 75.6705882353
31.8352941176 73.2705882353
31.8352941176 73.9764705882
31.8352941176 74.6823529412
31.6941176471 73.5529411765
31.6941176471 74.2588235294
31.6941176471 74.9647058824
31.6941176471 75.3882352941
31.5529411765 72.1411764706
31.5529411765 73.8352941176
31.5529411765 74.5411764706
31.5529411765 75.6705882353
31.4117647059 73.2705882353
31.4117647059 74.8235294118
31.4117647059 75.2470588235
31.4117647059 75.9529411765
31.2705882353 73.5529411765
31.2705882353 74.2588235294
31.2705882353 75.5294117647
31.2705882353 76.2352941176
31.1294117647 72.0
31.1294117647 74.5411764706
31.1294117647 74.9647058824
31.1294117647 75.8117647059
31.1294117647 76.5176470588
30.9882352941 72.4235294118
30.9882352941 73.9764705882
30.9882352941 75.2470588235
30.9882352941 76.0941176471
30.8470588235 72.1411764706
30.8470588235 72.7058823529
30.8470588235 74.2588235294
30.8470588235 74.6823529412
30.8470588235 75.5294117647
30.8470588235 76.3764705882
30.7058823529 72.9882352941
30.7058823529 73.5529411765
30.7058823529 74.9647058824
30.7058823529 75.8117647059
30.7058823529 76.6588235294
30.5647058824 73.2705882353
30.5647058824 73.8352941176
30.5647058824 74.4
30.5647058824 75.2470588235
30.5647058824 76.0941176471
30.5647058824 76.9411764706
30.4235294118 74.1176470588
30.4235294118 74.6823529412
30.4235294118 75.5294117647
30.4235294118 76.3764705882
30.4235294118 77.2235294118
30.2823529412 73.1294117647
30.2823529412 73.5529411765
30.2823529412 74.9647058824
30.2823529412 75.8117647059
30.2823529412 76.6588235294
30.1411764706 72.7058823529
30.1411764706 73.8352941176
30.1411764706 74.2588235294
30.1411764706 75.2470588235
30.1411764706 76.0941176471
30.1411764706 77.0823529412
30.0 72.9882352941
30.0 74.5411764706
30.0 75.5294117647
30.0 76.3764705882
30.0 76.8
29.8588235294 73.9764705882
29.8588235294 74.8235294118
29.8588235294 75.8117647059
29.8588235294 77.7882352941
29.7176470588 74.2588235294
29.7176470588 75.1058823529
29.7176470588 76.0941176471
29.7176470588 76.5176470588
29.7176470588 76.9411764706
29.5764705882 73.6941176471
29.5764705882 74.5411764706
29.5764705882 75.3882352941
29.5764705882 77.2235294118
29.5764705882 77.6470588235
29.4352941176 73.4117647059
29.4352941176 73.9764705882
29.4352941176 74.8235294118
29.4352941176 75.6705882353
29.4352941176 76.2352941176
29.4352941176 76.6588235294
29.2941176471 75.1058823529
29.2941176471 78.7764705882
29.1529411765 79.0588235294
29.1529411765 79.4823529412
29.0117647059 79.7647058824
28.8705882353 79.2
28.7294117647 79.4823529412
28.7294117647 79.9058823529
28.1647058824 77.2235294118
28.1647058824 77.6470588235
28.1647058824 80.0470588235
27.8823529412 77.0823529412
27.8823529412 77.5058823529
27.8823529412 79.9058823529
27.6 77.2235294118
27.6 81.1764705882
27.4588235294 81.4588235294
27.3176470588 82.5882352941
25.9058823529 76.5176470588
25.7647058824 77.9294117647
25.6235294118 76.3764705882
25.4823529412 76.6588235294
25.2 85.4117647059
24.2117647059 82.5882352941
23.7882352941 84.8470588235
23.7882352941 85.8352941176
23.7882352941 86.2588235294
23.7882352941 87.1058823529
23.5058823529 86.9647058824
22.3764705882 84.7058823529
22.2352941176 84.9882352941
22.0941176471 83.1529411765
22.0941176471 83.5764705882
21.8117647059 83.2941176471
21.6705882353 72.9882352941
20.6823529412 102.917647059
19.2705882353 105.458823529
18.8470588235 79.3411764706
18.7058823529 78.2117647059
18.7058823529 79.6235294118
18.1411764706 106.023529412
58.0941176471 106.729411765
57.9529411765 105.882352941
57.9529411765 107.011764706
55.1294117647 101.647058824
-18.0 124.235294118
-18.0 134.823529412
-18.0 135.247058824
-18.1411764706 121.976470588
-18.1411764706 124.517647059
-18.1411764706 132.423529412
-18.1411764706 136.517647059
-18.2823529412 122.258823529
-18.2823529412 123.247058824
-18.2823529412 130.023529412
-18.2823529412 132.705882353
-18.2823529412 134.964705882
-18.2823529412 136.8
-18.2823529412 142.870588235
-18.4235294118 123.529411765
-18.4235294118 124.376470588
-18.4235294118 125.082352941
-18.4235294118 125.647058824
-18.4235294118 130.447058824
-18.4235294118 132.141176471
-18.4235294118 133.411764706
-18.4235294118 135.247058824
-18.4235294118 142.305882353
-18.4235294118 143.152941176
-18.5647058824 122.117647059
-18.5647058824 123.105882353
-18.5647058824 123.811764706
-18.5647058824 125.364705882
-18.5647058824 130.729411765
-18.5647058824 132.423529412
-18.5647058824 132.847058824
-18.5647058824 136.376470588
-18.5647058824 142.588235294
-18.7058823529 123.388235294
-18.7058823529 124.941176471
-18.7058823529 136.658823529
-18.7058823529 137.082352941
-18.7058823529 137.505882353
-18.7058823529 138.070588235
-18.7058823529 142.023529412
-18.7058823529 142.870588235
-18.8470588235 123.670588235
-18.8470588235 125.223529412
-18.8470588235 133.694117647
-18.8470588235 134.117647059
-18.8470588235 137.788235294
-18.8470588235 142.305882353
-18.9882352941 123.247058824
-18.9882352941 123.952941176
-18.9882352941 124.517647059
-18.9882352941 125.788235294
-18.9882352941 137.223529412
-19.1294117647 123.529411765
-19.1294117647 124.8
-19.1294117647 127.2
-19.1294117647 133.835294118
-19.1294117647 134.541176471
-19.1294117647 142.023529412
-19.1294117647 142.447058824
-19.2705882353 123.811764706
-19.2705882353 125.082352941
-19.2705882353 132.141176471
-19.2705882353 133.411764706
-19.2705882353 142.729411765
-19.4117647059 123.388235294
-19.4117647059 124.658823529
-19.4117647059 131.435294118
-19.4117647059 132.423529412
-19.4117647059 133.694117647
-19.4117647059 134.258823529
-19.4117647059 134.682352941
-19.4117647059 135.388235294
-19.4117647059 142.305882353
-19.5529411765 120.705882353
-19.5529411765 123.670588235
-19.5529411765 124.941176471
-19.5529411765 131.717647059
-19.5529411765 132.705882353
-19.5529411765 133.270588235
-19.5529411765 135.670588235
-19.6941176471 120.282352941
-19.6941176471 120.988235294
-19.6941176471 125.223529412
-19.6941176471 132.141176471
-19.6941176471 133.552941176
-19.6941176471 134.4
-19.6941176471 135.247058824
-19.8352941176 120.564705882
-19.8352941176 123.529411765
-19.8352941176 124.8
-19.8352941176 129.176470588
-19.8352941176 132.423529412
-19.8352941176 135.529411765
-19.9764705882 120.141176471
-19.9764705882 120.847058824
-19.9764705882 123.811764706
-19.9764705882 125.082352941
-19.9764705882 128.470588235
-19.9764705882 129.458823529
-20.1176470588 120.423529412
-20.1176470588 125.364705882
-20.1176470588 128.752941176
-20.1176470588 134.4
-20.2588235294 125.647058824
-20.2588235294 134.682352941
-20.4 123.105882353
-20.4 125.223529412
-20.4 128.188235294
-20.4 128.611764706
-20.5411764706 123.388235294
-20.5411764706 125.505882353
-20.5411764706 126.352941176
-20.5411764706 134.4
-20.5411764706 139.482352941
-20.6823529412 116.611764706
-20.6823529412 122.823529412
-20.6823529412 126.635294118
-20.8235294118 116.894117647
-20.8235294118 119.717647059
-20.8235294118 123.105882353
-20.8235294118 123.529411765
-20.8235294118 125.364705882
-20.8235294118 125.788235294
-20.8235294118 126.211764706
-20.8235294118 128.188235294
-20.9647058824 120.0
-20.9647058824 120.705882353
-20.9647058824 124.235294118
-20.9647058824 126.494117647
-20.9647058824 129.176470588
-21.1058823529 116.188235294
-21.1058823529 116.611764706
-21.1058823529 117.6
-21.1058823529 119.576470588
-21.1058823529 120.282352941
-21.1058823529 124.517647059
-21.1058823529 125.505882353
-21.1058823529 125.929411765
-21.1058823529 130.305882353
-21.2470588235 118.870588235
-21.2470588235 119.294117647
-21.2470588235 119.858823529
-21.2470588235 124.094117647
-21.2470588235 126.211764706
-21.2470588235 130.588235294
-21.3882352941 116.470588235
-21.3882352941 117.458823529
-21.3882352941 120.141176471
-21.3882352941 120.564705882
-21.3882352941 120.988235294
-21.3882352941 124.376470588
-21.3882352941 128.047058824
-21.3882352941 128.470588235
-21.5294117647 116.752941176
-21.5294117647 118.729411765
-21.5294117647 119.152941176
-21.5294117647 130.447058824
-21.6705882353 118.305882353
-21.6705882353 120.0
-21.6705882353 120.423529412
-21.6705882353 120.847058824
-21.6705882353 126.494117647
-21.6705882353 127.905882353
-21.6705882353 128.329411765
-21.6705882353 129.317647059
-21.8117647059 118.588235294
-21.8117647059 121.129411765
-21.8117647059 122.682352941
-21.8117647059 125.364705882
-21.8117647059 126.776470588
-21.8117647059 129.6
-21.9529411765 125.647058824
-21.9529411765 128.188235294
-21.9529411765 129.882352941
-22.0941176471 118.164705882
-22.0941176471 118.729411765
-22.0941176471 125.223529412
-22.0941176471 126.635294118
-22.0941176471 129.458823529
-22.2352941176 118.447058824
-22.2352941176 125.505882353
-22.2352941176 129.741176471
-22.5176470588 122.258823529
-22.5176470588 128.470588235
-22.5176470588 128.894117647
-22.5176470588 130.164705882
-22.6588235294 118.164705882
-22.6588235294 118.588235294
-22.6588235294 122.541176471
-22.6588235294 129.317647059
-22.6588235294 130.447058824
-22.8 128.611764706
-22.8 129.6
-22.8 130.023529412
-22.9411764706 118.023529412
-22.9411764706 118.447058824
-22.9411764706 121.835294118
-22.9411764706 125.223529412
-22.9411764706 125.647058824
-22.9411764706 130.305882353
-23.0823529412 119.011764706
-23.0823529412 122.117647059
-23.0823529412 125.929411765
-23.2235294118 114.776470588
-23.2235294118 115.2
-23.2235294118 119.294117647
-23.2235294118 125.364705882
-23.3647058824 121.976470588
-23.5058823529 114.917647059
-23.5058823529 119.011764706
-23.5058823529 120.564705882
-23.5058823529 127.341176471
-23.5058823529 128.047058824
-23.6470588235 120.847058824
-23.6470588235 127.623529412
-23.7882352941 120.423529412
-23.9294117647 120.705882353
-23.9294117647 122.964705882
-23.9294117647 124.517647059
-23.9294117647 127.482352941
-24.0705882353 123.247058824
-24.0705882353 130.729411765
-24.2117647059 120.988235294
-24.2117647059 122.823529412
-24.2117647059 131.011764706
-24.3529411765 121.270588235
-24.3529411765 123.105882353
-25.0588235294 129.035294118
-25.3411764706 128.611764706
-25.3411764706 129.176470588
-25.4823529412 128.894117647
-25.7647058824 128.752941176
-26.8941176471 123.952941176
-27.0352941176 124.235294118
-27.1764705882 123.811764706
-27.3176470588 124.094117647
-27.7411764706 128.329411765
-28.1647058824 128.611764706
-28.3058823529 128.894117647
-28.7294117647 129.6
-28.8705882353 129.882352941
-29.0117647059 123.670588235
-29.0117647059 124.094117647
-29.1529411765 129.6
-29.2941176471 123.811764706
-29.2941176471 124.235294118
-33.1058823529 143.294117647
-33.3882352941 143.152941176
-37.3411764706 140.894117647
-37.6235294118 141.035294118
15.7411764706 108.141176471
15.4588235294 108.423529412
14.6117647059 108.705882353
14.3294117647 108.847058824
4.02352941176 114.070588235
2.89411764706 125.223529412
1.62352941176 125.082352941
1.34117647059 121.270588235
1.05882352941 122.117647059
1.05882352941 122.541176471
1.05882352941 123.247058824
0.917647058824 123.529411765
0.917647058824 127.905882353
0.776470588235 122.258823529
0.776470588235 122.682352941
0.0705882352941 130.870588235
-0.0705882352941 130.305882353
-0.352941176471 132.141176471
-1.34117647059 121.694117647
-1.34117647059 122.682352941
-1.48235294118 122.964705882
-1.48235294118 124.658823529
-1.62352941176 121.552941176
-1.76470588235 120.705882353
-1.76470588235 124.8
-1.90588235294 132.423529412
-2.04705882353 120.564705882
-2.18823529412 121.129411765
-2.18823529412 121.552941176
-2.18823529412 132.282352941
-2.32941176471 121.835294118
-2.32941176471 125.929411765
-2.47058823529 120.988235294
-2.47058823529 121.411764706
-2.61176470588 121.694117647
-2.75294117647 121.270588235
-2.75294117647 132.282352941
-2.89411764706 126.776470588
-2.89411764706 128.047058824
-3.03529411765 108.0
-3.03529411765 121.976470588
-3.03529411765 127.058823529
-3.17647058824 126.635294118
-3.17647058824 128.894117647
-3.31764705882 113.647058824
-3.31764705882 126.917647059
-3.45882352941 114.494117647
-4.58823529412 122.823529412
-4.72941176471 123.105882353
-5.43529411765 122.541176471
-5.57647058824 132.564705882
-5.71764705882 132.847058824
-7.12941176471 131.435294118
-7.12941176471 131.858823529
-7.27058823529 141.176470588
-7.41176470588 108.423529412
-7.41176470588 127.341176471
-7.41176470588 130.870588235
-7.41176470588 131.294117647
-7.41176470588 141.458823529
-7.55294117647 138.352941176
-7.69411764706 108.141176471
-7.69411764706 131.011764706
-7.69411764706 131.435294118
-7.97647058824 122.682352941
-7.97647058824 131.152941176
-8.11764705882 117.458823529
-8.11764705882 124.094117647
-8.11764705882 124.517647059
-8.4 117.035294118
-8.4 124.235294118
-8.4 127.058823529
-8.54117647059 118.023529412
-8.68235294118 118.305882353
-8.68235294118 125.647058824
-8.68235294118 126.352941176
-8.82352941176 126.635294118
-8.96470588235 124.376470588
-8.96470588235 124.8
-8.96470588235 125.505882353
-9.10588235294 125.082352941
-9.10588235294 125.788235294
-9.24705882353 124.094117647
-9.24705882353 124.517647059
-9.24705882353 125.364705882
-9.38823529412 124.941176471
-9.52941176471 123.811764706
-9.52941176471 124.235294118
-9.52941176471 124.658823529
-9.52941176471 125.223529412
-9.81176470588 124.094117647
-9.95294117647 124.376470588
-10.0941176471 123.670588235
-10.2352941176 123.952941176
-11.0823529412 132.141176471
-11.2235294118 130.164705882
-11.2235294118 131.152941176
-11.2235294118 132.423529412
-11.3647058824 130.447058824
-11.3647058824 131.435294118
-11.5058823529 130.023529412
-11.5058823529 130.729411765
-11.6470588235 130.305882353
-11.6470588235 131.294117647
-11.6470588235 132.847058824
-11.6470588235 133.270588235
-11.7882352941 130.588235294
-11.7882352941 133.552941176
-11.7882352941 133.976470588
-11.7882352941 135.529411765
-11.9294117647 130.870588235
-11.9294117647 132.423529412
-11.9294117647 132.988235294
-11.9294117647 134.258823529
-11.9294117647 135.811764706
-12.0705882353 132.705882353
-12.0705882353 133.270588235
-12.0705882353 133.694117647
-12.0705882353 134.541176471
-12.0705882353 134.964705882
-12.0705882353 142.023529412
-12.2117647059 131.011764706
-12.2117647059 132.282352941
-12.2117647059 133.976470588
-12.2117647059 135.247058824
-12.2117647059 142.305882353
-12.3529411765 131.294117647
-12.3529411765 132.564705882
-12.3529411765 132.988235294
-12.3529411765 134.258823529
-12.3529411765 134.823529412
-12.3529411765 135.670588235
-12.3529411765 141.882352941
-12.4941176471 132.141176471
-12.4941176471 135.105882353
-12.4941176471 135.952941176
-12.4941176471 136.517647059
-12.4941176471 142.164705882
-12.6352941176 131.152941176
-12.6352941176 132.423529412
-12.6352941176 134.4
-12.6352941176 135.529411765
-12.7764705882 134.682352941
-12.7764705882 135.811764706
-12.7764705882 142.023529412
-12.9176470588 134.258823529
-12.9176470588 136.094117647
-12.9176470588 136.517647059
-13.0588235294 132.564705882
-13.0588235294 132.988235294
-13.0588235294 134.541176471
-13.0588235294 135.529411765
-13.2 135.811764706
-13.2 136.235294118
-13.2 136.658823529
-13.3411764706 132.705882353
-13.3411764706 134.4
-13.3411764706 141.882352941
-13.4823529412 129.882352941
-13.4823529412 132.988235294
-13.4823529412 134.682352941
-13.4823529412 142.164705882
-13.6235294118 134.258823529
-13.6235294118 141.741176471
-13.7647058824 129.741176471
-13.7647058824 132.564705882
-13.7647058824 134.541176471
-13.7647058824 142.023529412
-13.9058823529 135.670588235
-13.9058823529 141.6
-13.9058823529 142.305882353
-14.0470588235 135.952941176
-14.0470588235 141.882352941
-14.1882352941 133.835294118
-14.1882352941 135.529411765
-14.1882352941 142.164705882
-14.3294117647 134.117647059
-14.3294117647 135.247058824
-14.3294117647 135.811764706
-14.4705882353 133.694117647
-14.6117647059 125.505882353
-14.6117647059 126.070588235
-14.6117647059 133.976470588
-14.7529411765 125.223529412
-14.7529411765 126.352941176
-14.7529411765 134.258823529
-14.8941176471 125.647058824
-14.8941176471 126.635294118
-15.0352941176 125.364705882
-15.0352941176 126.070588235
-15.0352941176 134.117647059
-15.1764705882 126.352941176
-15.1764705882 128.329411765
-15.1764705882 133.411764706
-15.3176470588 124.517647059
-15.3176470588 128.611764706
-15.3176470588 133.694117647
-15.3176470588 141.6
-15.4588235294 124.8
-15.4588235294 128.188235294
-15.4588235294 133.270588235
-15.4588235294 135.529411765
-15.6 124.235294118
-15.6 128.470588235
-15.6 128.894117647
-15.6 133.552941176
-15.6 135.811764706
-15.7411764706 124.517647059
-15.7411764706 129.458823529
-15.7411764706 129.882352941
-15.7411764706 131.435294118
-15.7411764706 134.682352941
-15.7411764706 136.094117647
-15.8823529412 128.611764706
-15.8823529412 129.035294118
-15.8823529412 130.164705882
-15.8823529412 134.964705882
-15.8823529412 135.529411765
-16.0235294118 129.317647059
-16.0235294118 129.741176471
-16.0235294118 131.294117647
-16.0235294118 135.811764706
-16.0235294118 136.235294118
-16.1647058824 124.376470588
-16.1647058824 130.023529412
-16.1647058824 134.682352941
-16.3058823529 124.658823529
-16.3058823529 129.458823529
-16.3058823529 131.435294118
-16.3058823529 136.094117647
-16.3058823529 142.870588235
-16.4470588235 131.152941176
-16.4470588235 143.152941176
-16.5882352941 124.376470588
-16.5882352941 124.8
-16.5882352941 128.611764706
-16.5882352941 131.576470588
-16.5882352941 134.541176471
-16.5882352941 137.505882353
-16.5882352941 142.588235294
-16.7294117647 129.458823529
-16.7294117647 129.882352941
-16.7294117647 131.294117647
-16.7294117647 132.282352941
-16.7294117647 132.705882353
-16.7294117647 134.823529412
-16.7294117647 142.870588235
-16.7294117647 143.294117647
-16.8705882353 124.658823529
-16.8705882353 134.4
-16.8705882353 137.364705882
-16.8705882353 137.788235294
-16.8705882353 143.576470588
-17.0117647059 124.941176471
-17.0117647059 129.176470588
-17.0117647059 129.6
-17.0117647059 130.023529412
-17.0117647059 132.423529412
-17.0117647059 132.847058824
-17.0117647059 134.682352941
-17.0117647059 143.011764706
-17.1529411765 137.647058824
-17.2941176471 124.235294118
-17.2941176471 129.458823529
-17.2941176471 129.882352941
-17.2941176471 132.564705882
-17.2941176471 137.929411765
-17.4352941176 124.517647059
-17.4352941176 126.352941176
-17.4352941176 130.729411765
-17.4352941176 131.152941176
-17.4352941176 131.576470588
-17.4352941176 133.411764706
-17.4352941176 138.211764706
-17.5764705882 124.094117647
-17.5764705882 125.082352941
-17.5764705882 132.847058824
-17.5764705882 133.694117647
-17.5764705882 137.788235294
-17.7176470588 124.376470588
-17.7176470588 124.8
-17.7176470588 126.070588235
-17.7176470588 126.494117647
-17.7176470588 127.623529412
-17.7176470588 130.870588235
-17.7176470588 131.294117647
-17.7176470588 131.717647059
-17.7176470588 133.129411765
-17.7176470588 138.070588235
-17.8588235294 123.811764706
-17.8588235294 125.223529412
-17.8588235294 127.905882353
-17.8588235294 132.705882353
-17.8588235294 133.411764706
-17.8588235294 136.517647059
-18.0 124.094117647
-18.0 124.941176471
-18.0 126.211764706
-18.0 127.482352941
-18.0 132.988235294
48.7764705882 114.352941176
48.7764705882 130.023529412
48.6352941176 114.635294118
48.6352941176 130.305882353
48.4941176471 114.211764706
48.3529411765 114.494117647
48.2117647059 130.870588235
48.2117647059 131.294117647
48.0705882353 130.305882353
48.0705882353 131.576470588
48.0705882353 132.0
47.9294117647 130.023529412
47.9294117647 130.588235294
47.9294117647 131.011764706
47.7882352941 123.952941176
47.7882352941 131.294117647
47.7882352941 131.717647059
47.7882352941 132.141176471
47.6470588235 130.164705882
47.5058823529 122.823529412
47.5058823529 123.247058824
47.3647058824 123.529411765
47.3647058824 131.294117647
47.3647058824 131.717647059
47.2235294118 122.682352941
47.2235294118 123.105882353
47.2235294118 132.0
47.0823529412 123.388235294
47.0823529412 130.729411765
47.0823529412 131.152941176
47.0823529412 131.576470588
47.0823529412 132.564705882
46.9411764706 122.964705882
46.9411764706 131.858823529
46.9411764706 132.847058824
46.8 123.529411765
46.8 126.352941176
46.8 130.870588235
46.8 131.294117647
46.8 132.141176471
46.6588235294 122.823529412
46.6588235294 123.247058824
46.6588235294 123.811764706
46.6588235294 129.458823529
46.6588235294 131.576470588
46.6588235294 132.423529412
46.5176470588 126.211764706
46.5176470588 126.635294118
46.5176470588 131.858823529
46.3764705882 122.964705882
46.3764705882 123.388235294
46.3764705882 123.952941176
46.3764705882 130.305882353
46.3764705882 131.435294118
46.3764705882 132.141176471
46.2352941176 123.670588235
46.2352941176 126.352941176
46.2352941176 130.588235294
46.2352941176 131.011764706
46.2352941176 131.717647059
46.0941176471 122.258823529
46.0941176471 123.247058824
46.0941176471 124.094117647
46.0941176471 125.788235294
46.0941176471 130.164705882
45.9529411765 121.835294118
45.9529411765 122.541176471
45.9529411765 122.964705882
45.9529411765 123.811764706
45.9529411765 127.2
45.9529411765 130.447058824
45.8117647059 122.117647059
45.8117647059 124.235294118
45.8117647059 129.6
45.8117647059 133.270588235
45.6705882353 122.4
45.6705882353 122.823529412
45.6705882353 123.247058824
45.6705882353 124.517647059
45.6705882353 124.941176471
45.6705882353 133.552941176
45.5294117647 121.976470588
45.5294117647 124.094117647
45.5294117647 126.070588235
45.5294117647 126.494117647
45.5294117647 131.152941176
45.5294117647 132.141176471
45.5294117647 133.129411765
45.3882352941 122.258823529
45.3882352941 122.682352941
45.3882352941 123.105882353
45.3882352941 124.376470588
45.3882352941 131.435294118
45.3882352941 133.411764706
45.2470588235 124.658823529
45.2470588235 126.352941176
45.2470588235 131.011764706
45.1058823529 124.235294118
45.1058823529 129.882352941
45.1058823529 131.294117647
45.1058823529 132.705882353
45.1058823529 133.270588235
44.9647058824 124.517647059
44.9647058824 125.647058824
44.9647058824 129.6
44.9647058824 131.576470588
44.9647058824 132.988235294
44.9647058824 133.552941176
44.8235294118 124.094117647
44.8235294118 132.564705882
44.6823529412 124.376470588
44.6823529412 125.505882353
44.6823529412 131.294117647
44.6823529412 131.717647059
44.6823529412 132.141176471
44.6823529412 132.847058824
44.5411764706 132.423529412
44.4 125.364705882
44.4 126.494117647
44.4 132.0
44.2588235294 123.811764706
44.2588235294 124.517647059
44.2588235294 128.894117647
44.2588235294 129.317647059
44.2588235294 133.552941176
44.1176470588 119.858823529
44.1176470588 124.094117647
43.9764705882 121.694117647
43.9764705882 124.376470588
43.8352941176 123.811764706
43.6941176471 124.094117647
43.5529411765 123.670588235
43.5529411765 125.082352941
43.4117647059 123.388235294
43.4117647059 123.952941176
43.1294117647 123.529411765
42.9882352941 118.729411765
42.9882352941 125.647058824
42.8470588235 119.435294118
42.8470588235 122.964705882
42.7058823529 119.717647059
42.7058823529 123.670588235
42.5647058824 119.011764706
42.5647058824 123.105882353
42.4235294118 119.294117647
42.4235294118 120.988235294
42.4235294118 122.258823529
42.4235294118 122.823529412
42.4235294118 123.388235294
42.2823529412 121.270588235
42.2823529412 122.541176471
42.2823529412 123.670588235
42.1411764706 122.117647059
42.1411764706 122.964705882
42.0 122.4
42.0 123.247058824
41.8588235294 121.976470588
41.8588235294 122.682352941
41.7176470588 122.258823529
41.7176470588 122.964705882
41.7176470588 123.388235294
41.4352941176 121.976470588
41.4352941176 122.823529412
41.4352941176 123.247058824
41.2941176471 122.541176471
41.0117647059 122.682352941
40.8705882353 109.552941176
40.7294117647 109.835294118
40.7294117647 111.247058824
40.5882352941 111.529411765
40.0235294118 123.105882353
39.8823529412 117.6
34.5176470588 133.270588235
19.6941176471 109.694117647
19.4117647059 108.705882353
18.9882352941 108.705882353
18.5647058824 108.847058824
60.3529411765 108.847058824
60.2117647059 109.129411765
55.5529411765 116.470588235
54.7058823529 113.082352941
-18.4235294118 168.847058824
-18.5647058824 169.129411765
-20.8235294118 164.611764706
-23.0823529412 147.811764706
-23.3647058824 147.670588235
-24.3529411765 151.623529412
-24.4941176471 151.905882353
-24.7764705882 151.764705882
-24.7764705882 152.329411765
-25.7647058824 150.635294118
-25.9058823529 150.917647059
-26.4705882353 146.823529412
-26.7529411765 146.682352941
-27.4588235294 149.364705882
-28.0235294118 151.2
-28.4470588235 147.247058824
-34.2352941176 150.635294118
-34.3764705882 150.917647059
-5.57647058824 150.070588235
-6.28235294118 155.294117647
-15.4588235294 144.0
-15.6 144.282352941
-15.8823529412 144.0
-15.8823529412 144.423529412
-16.1647058824 144.141176471
-16.1647058824 144.564705882
-16.4470588235 144.423529412
-16.4470588235 178.729411765
-16.5882352941 179.011764706
-16.8705882353 178.870588235
